0000000100000100
0000000011100110
0000001111101000
0000010001001100
0000010010110000
0000010100010100
0000000000000000
0000000001111110
0000001111101000
0000010001001100
0000000000100000
0000000000001010
0000000001100100
0000000110010000
0000000111110100
0000000010101001
0000000011000111
0000000010000111
1111010100000010
0000010101000000
0010100110001010
1111100100000010
1010100100011111
0000011000011111
0001101000000001
0000101000011111
1010010100011111
0011010010000001
1111010100000011
0000010111000000
0010100110010100
1010101100011111
0000011000011111
0001101000000001
0000101000011111
1010011100011111
0001101100000001
0011010010001011
1010011000010110
0000101100011100
0000110100000001
0000111000000001
1010010100001010
1010101001000000
1010010100001100
0000100101000000
1010010100001101
0000101001000000
1010101000011111
0000010000011111
0001100000000001
0000100000011111
1010011000011111
0000011110000000
1010011100011000
0010101111001010
0001011100001111
1010011100010111
0010111111000001
1010101000011111
0000010000011111
0001110000000001
1010010100001011
0000100001000000
0000010000001010
0001100000000001
0000100000001010
0000010000001011
0001100000000001
0000100000001011
0000010000001100
0001100000000001
0000100000001100
0000010000001101
0001100000000001
0000100000001101
1010101000011111
0000010000011111
0001100000000001
1010010100001010
0000100001000000
1010010100001100
0000100101000000
1010010100001101
0001101000000001
0000101001000000
1010011100011000
0011010011000011
0000011110000000
0001011100010000
1010011100011000
0010111111000011
1010101000011111
0000010000011111
0001110000000001
1010010100001011
0000100001000000
0000010000001010
0001100000000001
0000100000001010
0000010000001011
0001100000000001
0000100000001011
0000010000001100
0001100000000001
0000100000001100
0000010000001101
0001100000000001
0000100000001101
1010101000011111
0000010000011111
0001100000000001
1010010100001010
0000100001000000
1010010100001100
0001100100000001
0000100101000000
1010010100001101
0000111000000001
0000101001000000
1010101000011111
0000010000011111
0001100000000001
0000100000011111
1010011000011111
1010011100011001
0011010011000000
1010010100000101
1010011100011000
0000111000000000
0000010101000000
0010100111010111
0001101000000001
0000101000001000
1010100100011111
0000011100011111
0001101100000001
0000101100011111
1010010100011111
0011010011001101
0000010000001000
1010011100000010
0010100011010101
0001110000000001
0000010100100101
0001010100100100
0001100100000001
0001010100011100
0010110111000111
1010010100010101
0000011000100100
0000101000010011
1010011000010011
0000010100011100
1010011100000011
0010100111011011
0001110100000001
0000011001000000
0001011010000000
1010011100000011
0010101011010000
0011010011001110
0000111100000001
0000101100000001
1010100100011111
0000011100011111
0001101100000001
0000101100011111
1010010100011111
1010101000011111
0000011100011111
0001101100000001
0000101100011111
1010011000011111
0011010011000110
1010010100010101
0000011100000001
1010011100000010
0010111111000101
0000011100100110
1111101100000001
0000011100100111
1111101100000001
0000111100000000
0000101100000001
0000011100000100
0001101100000001
0000101100000100
0000011100000101
0001101100000001
0000101100000101
0000011100000110
0001101100000001
0000101100000110
0000011100000111
0001101100000001
0000101100000111
1010011100011000
0011010011011000
1010010100010101
0000010101000000
0010100111011111
1111100100000010
1010100100011111
0000011000011111
0001101000000001
0000101000011111
1010010100011111
0011010011010110